"V1" "V2" "V3" "V4" "V5" "V6" "V7" "V8" "V9" "V10" "V11" "V12" "V13" "V14" "V15" "V16" "V17" "V18" "V19" "V20" "V21" "V22" "V23" "V24" "V25" "V26" "V27" "V28" "V29" "V30" "V31" "V32" "V33" "V34" "V35" "V36" "V37" "V38" "V39" "V40" "V41" "V42" "V43" "V44" "V45" "V46" "V47" "V48" "V49" "V50" "V51" "V52" "V53" "V54" "V55" "V56" "V57" "V58" "V59" "V60" "V61" "V62"
0 0.1547 0.001615 0.00208 0.001794 0.002311 0.00321 0.00404 0 0 0 0.001835 0 0.00269 0.00128 0.00274 0.00038 0.002 0.0004151 0.0003911 0.0003438 0.0003372 0.00832 0.02258 0.00708 0.003942 0.0062 0.00443 0.00708 0.00548 0.00633 0.00418 0 0.002219 0.003255 0 0 0 0 0 0 0 0 0 0 0 0.024891 0.024036 0.023295 0.022467 0 0 0 0 0.001295 0 0 0 0 0 0 0
1 0.06349 0.00068 0.000815 0.000755 0.000906 0.00136 0.00158 0 0 0 0.000778 0 0.001053 0.00046 0.00095 0.00038 0.00069 0.0001843 0.0002025 0.0001527 0.0001568 0.00207 0.00577 0.00176 0.00154 0.00167 0.00164 0.00176 0.00094 0.001 0.00107 0 0.00094 0.001274 0 0 0 0 0.000531 0.000592 0 0 0 0 0 0.002292 0.002182 0.002291 0.002152 0 0.000571 0.000637 0 0.001295 0 0 0 0 0.000571 0.000637 0
2 0.0355 0.000353 0.000454 0.000392 0.000504 0.000703 0.000887 0 0 0 0.000402 0 0.000591 0.00025 0.00048 0.0002 0.00035 0.0001048 0.000135 0.0001159 0.0000941 0.00179 0.00414 0.00152 0.00138 0.00141 0.00149 0.00152 0.00067 0.00075 0.00099 0 0.000486 0.000715 0 0 0 0 0.000346 0.0004 0 0 0 0 0 0.001255 0.001198 0.001188 0.001132 0 0.000372 0.00043 0 0.001295 0 0 0 0 0.000372 0.00043 0
3 0.02391 0.000261 0.000367 0.00029 0.000408 0.000521 0.000715 0 0 0 0.000298 0 0.000476 0.00016 0.0003 0.00013 0.00022 0.0000732 0.0001068 0.0000791 0.0000688 0.00172 0.00338 0.00146 0.00132 0.00135 0.00143 0.00146 0.0006 0.00068 0.00098 0 0.00036 0.000576 0 0 0 0 0.000258 0.000332 0 0 0 0 0 0.000922 0.00088 0.000778 0.00075 0 0.000278 0.000357 0 0.001295 0 0 0 0 0.000278 0.000357 0
4 0.0177 0.000209 0.000321 0.000232 0.000357 0.000419 0.000627 0 0 0 0.00024 0 0.000417 0.00012 0.00022 0.0001 0.00016 0.00006 0.0000948 0.0000576 0.0000582 0.00165 0.00299 0.0014 0.001265 0.00129 0.001375 0.0014 0.00053 0.00061 0.00095 0 0.00029 0.000505 0 0 0 0 0.000194 0.000259 0 0 0 0 0 0.000699 0.000659 0.000568 0.000552 0 0.000208 0.000278 0 0.001295 0 0 0 0 0.000208 0.000278 0
5 0.0136 0.000171 0.000291 0.000189 0.000324 0.000339 0.000566 0 0.00037 0.000215 0.000194 0.000419 0.000377 0.0001 0.00018 0.00008 0.00013 0.0000551 0.0000906 0.0000494 0.0000543 0.00159 0.00276 0.00135 0.001215 0.00124 0.001325 0.00135 0.00047 0.00055 0.0009 0 0.000234 0.000456 0.000171 0.00019 0.00038 0.000342 0.000175 0.000237 0 0 0 0 0 0.000479 0.000469 0.000442 0.000432 0 0.000188 0.000255 0 0.001295 0 0 0 0 0.000188 0.000255 0
6 0.01137 0.000141 0.00027 0.000156 0.000301 0.000278 0.000526 0 0.00038 0.000178 0.00016 0.000389 0.00035 0.00009 0.00016 0.00007 0.00012 0.0000543 0.0000909 0.0000471 0.0000539 0.00153 0.00261 0.0013 0.00117 0.00119 0.00128 0.0013 0.00041 0.00049 0.00086 0 0.000193 0.000424 0.00014 0.000156 0.000353 0.000318 0.000163 0.000227 0 0 0 0 0 0.000385 0.000372 0.00036 0.000354 0 0.000176 0.000244 0 0.001295 0 0 0 0 0.000176 0.000244 0
7 0.00975 0.000118 0.000257 0.000131 0.000286 0.000234 0.0005 0 0.00039 0.000149 0.000134 0.00037 0.000333 0.00009 0.00015 0.00007 0.00011 0.0000558 0.0000938 0.0000475 0.0000555 0.00148 0.00247 0.00126 0.001135 0.00115 0.001245 0.00126 0.00036 0.00044 0.0008 0 0.000162 0.000403 0.000118 0.000131 0.000336 0.000302 0.000153 0.000217 0 0 0 0 0 0.000314 0.000301 0.000306 0.000302 0 0.000165 0.000234 0 0.001295 0 0 0 0 0.000165 0.000234 0
8 0.00863 0.000118 0.000294 0.000131 0.000328 0.000207 0.000487 0 0.0004 0.000149 0.000134 0.000391 0.000352 0.00009 0.00015 0.00008 0.00011 0.0000588 0.0000987 0.0000496 0.0000584 0.00145 0.00231 0.00123 0.001115 0.00112 0.00122 0.00123 0.00032 0.0004 0.00076 0 0.000143 0.000392 0.000104 0.000116 0.000327 0.000294 0.000137 0.000201 0 0 0 0 0 0.000281 0.000269 0.000271 0.000268 0 0.000147 0.000216 0 0.001295 0 0 0 0 0.000147 0.000216 0
9 0.0079 0.000121 0.000325 0.000134 0.000362 0.000193 0.000482 0 0.00041 0.000151 0.000136 0.000409 0.000368 0.00011 0.00016 0.00009 0.00012 0.0000627 0.0001052 0.0000526 0.0000624 0.00142 0.00212 0.00121 0.00111 0.00111 0.00121 0.00121 0.0003 0.00037 0.00074 0 0.000134 0.000389 0.000097 0.000108 0.000324 0.000292 0.00013 0.000194 0 0 0 0 0 0.000273 0.000261 0.000251 0.000248 0 0.00014 0.000209 0 0.001295 0 0 0 0 0.00014 0.000209 0
10 0.00749 0.000126 0.00035 0.00014 0.00039 0.000191 0.000483 0.000483 0.00042 0.000156 0.000141 0.000424 0.000382 0.00014 0.00018 0.00012 0.00013 0.0000675 0.0001141 0.0000565 0.0000673 0.00142 0.00197 0.00121 0.001115 0.00111 0.00122 0.00121 0.00029 0.00036 0.00073 0 0.000132 0.00039 0.000096 0.000107 0.000325 0.000293 0.000131 0.000197 0 0 0 0 0 0.000275 0.000262 0.000248 0.000244 0 0.000141 0.000212 0 0.001295 0 0 0 0 0.000141 0.000212 0
11 0.00752 0.000133 0.000371 0.000148 0.000413 0.000208 0.000492 0.000492 0.00043 0.000163 0.000147 0.000438 0.000394 0.00018 0.00021 0.00015 0.00015 0.000073 0.0001277 0.000061 0.0000738 0.00145 0.00191 0.00123 0.00113 0.00112 0.001245 0.00123 0.00029 0.00037 0.00077 0 0.000143 0.000397 0.000104 0.000116 0.000331 0.000298 0.000138 0.000208 0 0 0 0 0 0.000283 0.00027 0.000265 0.000256 0 0.000143 0.000219 0 0.001295 0 0 0 0 0.000148 0.000223 0
12 0.00754 0.000142 0.000388 0.000158 0.000431 0.000225 0.000502 0.000502 0.000441 0.000172 0.000155 0.00045 0.000405 0.00022 0.00026 0.00018 0.00019 0.0000791 0.0001509 0.0000664 0.0000831 0.00148 0.00192 0.00126 0.001155 0.00114 0.00129 0.00126 0.0003 0.00039 0.00085 0 0.000155 0.000405 0.000113 0.000126 0.000338 0.000304 0.000148 0.000226 0 0 0 0 0 0.000314 0.000307 0.000307 0.000292 0 0.000148 0.000228 0 0.001295 0 0 0 0 0.000159 0.000243 0
13 0.00757 0.000152 0.000402 0.00017 0.000446 0.000242 0.000512 0.000512 0.000452 0.000183 0.000165 0.000461 0.000415 0.00026 0.00033 0.00022 0.00024 0.0000862 0.0001911 0.0000731 0.0000971 0.00155 0.00198 0.00132 0.00119 0.00117 0.001355 0.00132 0.00032 0.00044 0.00099 0 0.000167 0.000413 0.000122 0.000135 0.000344 0.00031 0.000164 0.000255 0 0 0 0 0 0.00043 0.000416 0.000387 0.00035 0 0.000155 0.00024 0 0.001295 0 0 0 0 0.000177 0.000275 0
14 0.0076 0.000164 0.000414 0.000183 0.000458 0.00026 0.000524 0.000524 0.000463 0.000195 0.000175 0.000472 0.000425 0.0003 0.00042 0.00025 0.00031 0.000095 0.0002557 0.0000825 0.0001182 0.00163 0.00207 0.00139 0.001235 0.00121 0.001425 0.00139 0.00035 0.0005 0.00115 0.000871 0.00018 0.000422 0.000131 0.000146 0.000352 0.000317 0.000189 0.000297 0 0 0 0 0 0.000557 0.000538 0.000524 0.000489 0 0.000162 0.000254 0.002599 0.001295 0.001374 0 0 0 0.000203 0.00032 0.00087
15 0.00763 0.000177 0.000425 0.000197 0.00047 0.000278 0.000537 0.000537 0.000475 0.000209 0.000188 0.000483 0.000435 0.00033 0.00053 0.00027 0.00039 0.000108 0.0003486 0.0000968 0.0001487 0.00172 0.00215 0.00146 0.00129 0.00126 0.0015 0.00146 0.00039 0.00056 0.00133 0.001006 0.000193 0.000433 0.00014 0.000156 0.000361 0.000325 0.000216 0.000345 0.000296 0.001579 0.001288 0.000318 0 0.000781 0.000765 0.000743 0.000719 0.000531 0.00017 0.000269 0.002636 0.001488 0.001407 0.001489 0.001414 0.001453 0.000233 0.000371 0.001
16 0.00766 0.00019 0.000437 0.000212 0.000481 0.000296 0.000551 0.000551 0.000488 0.000224 0.000201 0.000495 0.000446 0.00035 0.00065 0.00029 0.00048 0.0001299 0.0004682 0.000122 0.0001909 0.00181 0.00219 0.00154 0.001355 0.00132 0.00158 0.00154 0.00044 0.00063 0.00151 0.00115 0.000205 0.000444 0.000149 0.000166 0.00037 0.000333 0.000242 0.000391 0.000332 0.001595 0.001289 0.00032 0 0.000963 0.000936 0.000917 0.000891 0.000544 0.000177 0.000284 0.002677 0.001694 0.001444 0.001479 0.001385 0.001437 0.000261 0.000421 0.00113
17 0.00769 0.000204 0.000449 0.000228 0.000495 0.000315 0.000567 0.000567 0.000502 0.000239 0.000214 0.000508 0.000458 0.00037 0.00078 0.0003 0.00057 0.0001653 0.0006352 0.0001428 0.0002796 0.0019 0.00225 0.00162 0.001425 0.00139 0.001655 0.00162 0.0005 0.0007 0.00167 0.001268 0.000218 0.000457 0.000159 0.000177 0.000381 0.000343 0.000262 0.00043 0.000343 0.001601 0.00129 0.000322 0 0.001133 0.001102 0.00108 0.001051 0.000559 0.000184 0.000301 0.002722 0.001859 0.001485 0.001467 0.001351 0.001414 0.000281 0.000463 0.00125
18 0.00773 0.000219 0.000463 0.000244 0.00051 0.000334 0.000584 0.000584 0.000517 0.000255 0.000229 0.000523 0.000472 0.00037 0.0009 0.00031 0.00066 0.0002244 0.0008963 0.0001708 0.000374 0.00199 0.0023 0.00169 0.0015 0.00146 0.001715 0.00169 0.00056 0.00076 0.00178 0.001314 0.000231 0.000471 0.000168 0.000187 0.000392 0.000353 0.000273 0.00046 0.000339 0.001595 0.001291 0.000324 0 0.001278 0.001244 0.00122 0.001188 0.000576 0.000188 0.000316 0.002771 0.001918 0.001529 0.001453 0.001311 0.001385 0.000293 0.000495 0.00134
19 0.00777 0.000234 0.00048 0.00026 0.000528 0.000354 0.000603 0.000603 0.000534 0.000271 0.000244 0.00054 0.000488 0.00037 0.00101 0.0003 0.00074 0.0002806 0.0010702 0.0002035 0.0004909 0.00203 0.00237 0.00174 0.00158 0.00154 0.001765 0.00174 0.00063 0.0008 0.00186 0.001325 0.000245 0.000486 0.000179 0.000199 0.000405 0.000365 0.00028 0.000484 0.00033 0.001579 0.001292 0.000326 0 0.001403 0.001365 0.001341 0.001304 0.000594 0.00019 0.000331 0.002826 0.001925 0.001579 0.001437 0.001267 0.001351 0.000301 0.000521 0.00141
20 0.0078 0.00025 0.000499 0.000277 0.000549 0.000376 0.000624 0.000624 0.000553 0.000288 0.00026 0.000559 0.000505 0.00037 0.0011 0.0003 0.0008 0.0003307 0.0011606 0.0002313 0.0006045 0.00209 0.00243 0.00179 0.001655 0.00162 0.00181 0.00179 0.0007 0.00084 0.0019 0.001336 0.00026 0.000503 0.000189 0.00021 0.000419 0.000377 0.000284 0.000507 0.000326 0.00155 0.001294 0.000329 0.00896 0.00153 0.001489 0.001465 0.001423 0.000614 0.000191 0.000345 0.002886 0.001932 0.001633 0.001414 0.001219 0.001311 0.000305 0.000545 0.00146
21 0.00786 0.000265 0.000519 0.000294 0.000573 0.000398 0.000648 0.000648 0.000574 0.000306 0.000276 0.000581 0.000525 0.00036 0.00117 0.0003 0.00085 0.0003653 0.0011614 0.000252 0.0007069 0.00214 0.00251 0.00183 0.001715 0.00169 0.001845 0.00183 0.00076 0.00087 0.00191 0.001347 0.000275 0.000522 0.000201 0.000223 0.000435 0.000392 0.000286 0.00053 0.000336 0.001509 0.001295 0.000342 0.00901 0.001657 0.00163 0.001588 0.001541 0.000636 0.000192 0.000357 0.002953 0.001939 0.001693 0.001385 0.001167 0.001267 0.000308 0.00057 0.00149
22 0.00791 0.000281 0.000542 0.000312 0.000599 0.000421 0.000674 0.000674 0.000597 0.000325 0.000293 0.000605 0.000546 0.00036 0.00122 0.00029 0.00089 0.0003893 0.0011614 0.0002726 0.0007623 0.00218 0.00259 0.00186 0.001765 0.00174 0.001875 0.00186 0.0008 0.00089 0.00189 0.001358 0.000292 0.000544 0.000212 0.000236 0.000453 0.000408 0.000289 0.000556 0.000361 0.001464 0.001296 0.000366 0.00907 0.001756 0.001727 0.001682 0.001631 0.000661 0.000194 0.000366 0.003027 0.001946 0.001758 0.001351 0.001149 0.001219 0.000311 0.000598 0.00152
23 0.00796 0.000298 0.000566 0.00033 0.000627 0.000446 0.000702 0.000702 0.000622 0.000345 0.000311 0.000632 0.00057 0.00035 0.00125 0.00029 0.00092 0.0004 0.0011071 0.000287 0.0007817 0.00221 0.00268 0.00189 0.00181 0.00179 0.0019 0.00189 0.00084 0.00091 0.00186 0.00136 0.000309 0.000566 0.000225 0.00025 0.000471 0.000424 0.000292 0.000589 0.000391 0.001424 0.001297 0.000395 0.00915 0.001817 0.001786 0.001738 0.001685 0.000688 0.000197 0.000373 0.003108 0.001946 0.001831 0.001311 0.001129 0.001167 0.000313 0.000633 0.00154
24 0.00801 0.000314 0.000592 0.000349 0.000657 0.000473 0.000733 0.000733 0.000649 0.000366 0.00033 0.000661 0.000596 0.00035 0.00127 0.00029 0.00093 0.000398 0.001076 0.0002872 0.0007731 0.00224 0.00277 0.00191 0.001845 0.00183 0.00192 0.00191 0.00087 0.00092 0.00182 0.001371 0.000327 0.000591 0.000239 0.000265 0.000493 0.000444 0.000291 0.000624 0.000421 0.001388 0.001298 0.000425 0.00921 0.001852 0.001818 0.001767 0.001712 0.000718 0.000201 0.000376 0.003198 0.001949 0.001911 0.001267 0.001107 0.001149 0.000313 0.000671 0.00157
25 0.00806 0.000331 0.000616 0.000367 0.000686 0.000501 0.000768 0.000768 0.000679 0.000388 0.000349 0.000692 0.000622 0.00035 0.00127 0.00029 0.00093 0.0003921 0.0010557 0.0002883 0.0007544 0.00226 0.00288 0.00193 0.001875 0.00186 0.001945 0.00193 0.00089 0.00093 0.00177 0.001382 0.000347 0.000619 0.000253 0.000281 0.000515 0.000464 0.000291 0.000661 0.000451 0.001357 0.001299 0.000454 0.00929 0.001877 0.00184 0.001786 0.001729 0.000751 0.000207 0.000376 0.003297 0.001953 0.001999 0.001219 0.001083 0.001129 0.000313 0.000711 0.00159
26 0.00813 0.000347 0.000639 0.000385 0.000714 0.000531 0.000806 0.000806 0.000712 0.00041 0.000368 0.000724 0.00065 0.00036 0.00127 0.00029 0.00093 0.0003997 0.0010491 0.0002895 0.0007373 0.00228 0.00299 0.00196 0.0019 0.00189 0.001975 0.00196 0.00091 0.00095 0.00173 0.001402 0.000368 0.00065 0.000268 0.000298 0.000542 0.000488 0.000294 0.000696 0.000482 0.001333 0.0013 0.000484 0.00939 0.001907 0.001868 0.00181 0.001752 0.000787 0.000214 0.000378 0.003407 0.001972 0.002096 0.001167 0.001058 0.001107 0.000316 0.000749 0.00162
27 0.0082 0.000362 0.000659 0.000403 0.000738 0.000563 0.000849 0.000849 0.000749 0.000431 0.000387 0.000756 0.000677 0.00037 0.00126 0.0003 0.00092 0.0004128 0.0010373 0.0002978 0.0007298 0.0023 0.00311 0.00199 0.00192 0.00191 0.00201 0.00199 0.00092 0.00097 0.00171 0.001413 0.00039 0.000684 0.000284 0.000315 0.00057 0.000513 0.000302 0.000727 0.000513 0.001314 0.001301 0.000514 0.00948 0.001945 0.001914 0.001843 0.001783 0.000828 0.000223 0.000382 0.003527 0.001978 0.002204 0.001149 0.001083 0.001083 0.000324 0.000782 0.00166
28 0.00826 0.000376 0.000675 0.000419 0.000758 0.000598 0.000896 0.000896 0.000791 0.000452 0.000405 0.000788 0.000704 0.00039 0.00126 0.00032 0.00092 0.0004337 0.0010233 0.0003144 0.0007258 0.00233 0.00325 0.00203 0.001945 0.00193 0.002055 0.00203 0.00093 0.001 0.0017 0.001452 0.000414 0.000722 0.000302 0.000335 0.000602 0.000542 0.000314 0.000754 0.000545 0.001302 0.001303 0.000546 0.00958 0.001998 0.00196 0.001891 0.00183 0.000873 0.000235 0.000393 0.003661 0.002022 0.002322 0.001129 0.001111 0.001058 0.000338 0.000811 0.0017
29 0.00834 0.000389 0.000687 0.000435 0.000774 0.000636 0.000947 0.000947 0.000839 0.000473 0.000423 0.000819 0.000731 0.00041 0.00125 0.00033 0.00091 0.0004563 0.0010371 0.0003336 0.0007177 0.00236 0.0034 0.00208 0.001975 0.00196 0.002105 0.00208 0.00095 0.00104 0.00171 0.001472 0.00044 0.000763 0.00032 0.000356 0.000636 0.000572 0.000331 0.000779 0.000578 0.001297 0.001304 0.000578 0.00971 0.002065 0.002027 0.001953 0.00189 0.000922 0.000248 0.000412 0.003808 0.002041 0.002452 0.001107 0.001141 0.001083 0.000356 0.000838 0.00176
30 0.00843 0.000402 0.000694 0.00045 0.000784 0.000677 0.001004 0.001004 0.000893 0.000493 0.000441 0.00085 0.000759 0.00044 0.00126 0.00035 0.00092 0.0004818 0.0010541 0.000348 0.0007211 0.0024 0.00356 0.00213 0.00201 0.00199 0.00216 0.00213 0.00097 0.00108 0.00173 0.00152 0.000469 0.000809 0.000342 0.00038 0.000674 0.000607 0.000351 0.000801 0.000613 0.0013 0.001306 0.000612 0.00984 0.002139 0.002085 0.002021 0.001956 0.000976 0.000264 0.000444 0.003971 0.002099 0.002595 0.001083 0.001173 0.001111 0.000377 0.000862 0.00182
31 0.00851 0.000414 0.000699 0.000463 0.000789 0.000721 0.001067 0.001067 0.000953 0.000513 0.00046 0.000881 0.000786 0.00047 0.00127 0.00037 0.00093 0.0005078 0.0010763 0.0003575 0.0007342 0.00245 0.00373 0.00219 0.002055 0.00203 0.00222 0.00219 0.001 0.00113 0.00178 0.001568 0.000499 0.00086 0.000364 0.000404 0.000717 0.000645 0.000373 0.000821 0.000649 0.00131 0.001315 0.000648 0.00998 0.002219 0.002173 0.002093 0.002025 0.001036 0.000307 0.000499 0.004151 0.002157 0.002753 0.001058 0.001208 0.001141 0.000401 0.000883 0.00189
32 0.00861 0.000425 0.0007 0.000476 0.000789 0.00077 0.001136 0.001136 0.00102 0.000534 0.000479 0.000913 0.000814 0.0005 0.00129 0.0004 0.00094 0.0005376 0.0011029 0.0003685 0.0007579 0.00251 0.00392 0.00225 0.002105 0.00208 0.002285 0.00225 0.00104 0.00118 0.00183 0.001625 0.000533 0.000916 0.000388 0.000431 0.000763 0.000687 0.000397 0.000839 0.000688 0.00133 0.001332 0.000687 0.01014 0.002305 0.00224 0.002174 0.002105 0.001102 0.00035 0.000562 0.004349 0.002226 0.002927 0.001083 0.001297 0.001173 0.000427 0.000902 0.00196
33 0.00872 0.000436 0.000701 0.000488 0.00079 0.000822 0.001213 0.001213 0.001095 0.000555 0.000499 0.000945 0.000843 0.00054 0.00135 0.00042 0.00099 0.0005755 0.0011428 0.0003831 0.0007941 0.0026 0.00412 0.00232 0.00216 0.00213 0.00236 0.00232 0.00108 0.00124 0.00191 0.00171 0.000569 0.000978 0.000414 0.00046 0.000815 0.000734 0.000422 0.000848 0.000729 0.001359 0.00136 0.000727 0.01032 0.0024 0.002343 0.002267 0.002195 0.001175 0.000394 0.000631 0.004568 0.002333 0.003118 0.001111 0.001398 0.001208 0.000454 0.000912 0.00204
34 0.00883 0.000449 0.000702 0.0005 0.000791 0.000879 0.001297 0.001297 0.001179 0.000578 0.000521 0.00098 0.000876 0.00057 0.00142 0.00045 0.00103 0.0006176 0.0011748 0.0004103 0.0008395 0.00271 0.00435 0.0024 0.00222 0.00219 0.002455 0.0024 0.00113 0.00131 0.002 0.001831 0.000608 0.001046 0.000443 0.000492 0.000872 0.000785 0.000449 0.000849 0.000773 0.001397 0.001396 0.000771 0.01052 0.002492 0.002437 0.002373 0.002298 0.001255 0.000435 0.000702 0.00481 0.002489 0.00333 0.001141 0.001513 0.001297 0.000482 0.000913 0.00214
35 0.00895 0.000463 0.000704 0.000515 0.000792 0.000942 0.001391 0.001391 0.001273 0.000605 0.000545 0.001023 0.000917 0.00062 0.00149 0.00047 0.00109 0.0006637 0.0012103 0.0004548 0.0008802 0.00285 0.00459 0.00251 0.002285 0.00225 0.002575 0.00251 0.00118 0.00141 0.00211 0.001962 0.000651 0.001122 0.000476 0.000529 0.000955 0.00086 0.000478 0.000851 0.000819 0.001445 0.001444 0.000817 0.01073 0.002616 0.002568 0.002491 0.002412 0.001344 0.000475 0.000773 0.005077 0.002662 0.003562 0.001173 0.001643 0.001398 0.000514 0.000915 0.00225
36 0.00909 0.000481 0.000719 0.000534 0.000794 0.00101 0.001494 0.001494 0.001378 0.000636 0.000574 0.001077 0.000968 0.00066 0.00157 0.00051 0.00115 0.0007043 0.0012596 0.0004992 0.0009202 0.00302 0.00486 0.00264 0.00236 0.00232 0.00272 0.00264 0.00124 0.00153 0.00224 0.00214 0.000698 0.001204 0.000502 0.000558 0.001008 0.000907 0.000512 0.000862 0.000869 0.001505 0.001501 0.000867 0.01097 0.002752 0.002686 0.002622 0.002541 0.001443 0.000514 0.000841 0.005372 0.002876 0.003819 0.001208 0.001792 0.001513 0.00055 0.000927 0.00239
37 0.00923 0.000504 0.000749 0.000558 0.000823 0.001085 0.001607 0.001607 0.001495 0.000673 0.000607 0.001146 0.001032 0.00071 0.00166 0.00054 0.00121 0.0007494 0.0013443 0.0005337 0.0009512 0.00321 0.00515 0.0028 0.002455 0.0024 0.002905 0.0028 0.00131 0.00168 0.0024 0.002336 0.00075 0.001295 0.000536 0.000595 0.001073 0.000966 0.000551 0.000891 0.000922 0.001575 0.001571 0.000919 0.01124 0.002899 0.00285 0.00277 0.002687 0.001551 0.000554 0.000904 0.005697 0.003118 0.004101 0.001297 0.001948 0.001643 0.000593 0.000958 0.00256
38 0.00941 0.000532 0.000796 0.00059 0.000872 0.001167 0.001733 0.001733 0.001624 0.000717 0.000646 0.001232 0.001114 0.00076 0.00176 0.00058 0.00128 0.0007991 0.0014038 0.0005578 0.0009876 0.00345 0.00546 0.00301 0.002575 0.00251 0.00313 0.00301 0.00141 0.00188 0.00258 0.002579 0.000807 0.001397 0.000573 0.000637 0.001154 0.001039 0.000598 0.000939 0.000976 0.001659 0.001654 0.000973 0.01152 0.003081 0.003006 0.002936 0.002851 0.00167 0.000598 0.000964 0.006056 0.003417 0.004412 0.001398 0.002125 0.001792 0.000643 0.00101 0.00277
39 0.00959 0.000567 0.000864 0.00063 0.000945 0.001256 0.001872 0.001872 0.001767 0.000769 0.000691 0.001341 0.001216 0.00082 0.00186 0.00062 0.00136 0.000863 0.001458 0.0005769 0.0010291 0.00372 0.00581 0.00325 0.00272 0.00264 0.00339 0.00325 0.00153 0.0021 0.00279 0.002859 0.000869 0.001509 0.000617 0.000686 0.001253 0.001128 0.000652 0.000999 0.00103 0.001757 0.00175 0.001028 0.01184 0.003275 0.003202 0.003121 0.003035 0.001803 0.000648 0.001021 0.006453 0.003761 0.004755 0.001513 0.002327 0.001948 0.000701 0.001075 0.00302
40 0.00979 0.000609 0.000953 0.000677 0.001043 0.001355 0.002025 0.002025 0.001925 0.000827 0.000742 0.001476 0.001341 0.00088 0.00198 0.00066 0.00144 0.0009412 0.0015362 0.0005968 0.0010883 0.00402 0.00618 0.00353 0.002905 0.0028 0.003685 0.00353 0.00168 0.00236 0.00302 0.003168 0.000938 0.001633 0.000665 0.000739 0.001375 0.001238 0.000709 0.001072 0.001085 0.001869 0.001862 0.001082 0.01218 0.003481 0.003419 0.003322 0.003235 0.001949 0.000706 0.001079 0.006891 0.004134 0.005133 0.001643 0.002556 0.002125 0.000763 0.001153 0.0033
41 0.01001 0.000658 0.001065 0.000732 0.001168 0.001464 0.00222 0.00222 0.002099 0.000894 0.000801 0.001641 0.001492 0.00095 0.00211 0.00071 0.00153 0.001041 0.001643 0.0006254 0.0011563 0.00437 0.00659 0.00384 0.00313 0.00301 0.004005 0.00384 0.00188 0.00265 0.00329 0.003515 0.001013 0.001789 0.000716 0.000796 0.001522 0.00137 0.000768 0.001156 0.001139 0.001998 0.00199 0.001136 0.01257 0.00373 0.003631 0.003542 0.003453 0.002123 0.000774 0.001142 0.007374 0.004566 0.005549 0.001792 0.002818 0.002327 0.000826 0.001243 0.0036
42 0.01025 0.000715 0.001201 0.000796 0.001322 0.001583 0.002481 0.002481 0.00229 0.000967 0.000867 0.001842 0.001673 0.00103 0.00225 0.00077 0.00164 0.0011431 0.0017815 0.0006793 0.0012443 0.00475 0.00703 0.00417 0.00339 0.00325 0.00435 0.00417 0.0021 0.00295 0.00356 0.00391 0.001094 0.002 0.000775 0.000861 0.001697 0.001527 0.000825 0.001252 0.001191 0.002145 0.002135 0.001188 0.013 0.003986 0.003891 0.003785 0.003693 0.002351 0.000852 0.001215 0.007907 0.00505 0.006007 0.001948 0.003095 0.002556 0.000888 0.001346 0.00393
43 0.01052 0.000781 0.001362 0.000868 0.001505 0.001715 0.002804 0.002804 0.002499 0.001048 0.000942 0.002079 0.001886 0.00111 0.0024 0.00083 0.00175 0.0012474 0.001898 0.000746 0.0013505 0.00518 0.00751 0.00453 0.003685 0.00353 0.004725 0.00453 0.00236 0.00328 0.00387 0.004333 0.001186 0.00226 0.000842 0.000935 0.001905 0.001715 0.000877 0.001352 0.001242 0.00231 0.002299 0.001238 0.01348 0.004268 0.004154 0.004054 0.003957 0.002643 0.000937 0.001299 0.008496 0.005565 0.006512 0.002125 0.00341 0.002818 0.000943 0.001454 0.00428
44 0.01083 0.000855 0.001547 0.00095 0.001715 0.001859 0.003187 0.003187 0.002727 0.001139 0.001026 0.002352 0.002129 0.0012 0.00256 0.00089 0.00187 0.0013457 0.0020322 0.0008159 0.0014798 0.00564 0.00804 0.00492 0.004005 0.00384 0.005135 0.00492 0.00265 0.00364 0.00419 0.004795 0.001286 0.002569 0.000919 0.001021 0.002147 0.001932 0.000923 0.001458 0.001294 0.002497 0.002485 0.00129 0.01399 0.004573 0.004463 0.004348 0.004243 0.002996 0.001029 0.001397 0.009145 0.006124 0.007068 0.002327 0.003769 0.003095 0.000992 0.001568 0.00465
45 0.01116 0.000939 0.001752 0.001043 0.001948 0.002019 0.003625 0.003625 0.002975 0.001242 0.001122 0.002657 0.002399 0.0013 0.00275 0.00096 0.002 0.001455 0.0021748 0.0008868 0.0016034 0.00615 0.00861 0.00535 0.00435 0.00417 0.005589 0.00535 0.00295 0.00403 0.00455 0.005304 0.001397 0.002922 0.00101 0.001122 0.002426 0.002183 0.000973 0.001578 0.001352 0.002711 0.002698 0.001348 0.01457 0.004907 0.004778 0.004671 0.004558 0.003406 0.001124 0.001508 0.009862 0.006734 0.007681 0.002556 0.00418 0.00341 0.001046 0.001697 0.00506
46 0.01156 0.001035 0.001974 0.001148 0.002198 0.002196 0.004116 0.004116 0.003244 0.001362 0.001231 0.002988 0.002693 0.0014 0.00295 0.00104 0.00215 0.0015758 0.0023466 0.0009663 0.0017246 0.0067 0.00923 0.00583 0.004725 0.00453 0.006094 0.00583 0.00328 0.00446 0.00492 0.005881 0.001519 0.003318 0.001117 0.001241 0.002745 0.002471 0.001033 0.001722 0.00142 0.002955 0.002941 0.001416 0.0152 0.005264 0.005127 0.005016 0.004894 0.003871 0.001223 0.001616 0.010653 0.007443 0.008355 0.002818 0.004635 0.003769 0.001111 0.001852 0.00551
47 0.012 0.001141 0.002211 0.001267 0.002463 0.002391 0.004657 0.004657 0.003535 0.0015 0.001356 0.003343 0.003009 0.00152 0.00317 0.00112 0.00231 0.0017322 0.0025429 0.0010661 0.0018463 0.00731 0.00991 0.00636 0.005135 0.00492 0.006654 0.00636 0.00364 0.00494 0.00532 0.006459 0.001654 0.003754 0.001237 0.001374 0.0031 0.00279 0.001112 0.001899 0.001502 0.003233 0.003219 0.001492 0.0159 0.005629 0.005486 0.005371 0.005242 0.004387 0.001326 0.001734 0.011525 0.008146 0.009098 0.003095 0.005103 0.00418 0.001196 0.002042 0.006
48 0.01251 0.001261 0.00246 0.0014 0.00274 0.002606 0.005246 0.005246 0.003849 0.001658 0.001499 0.003718 0.003343 0.00164 0.00341 0.00121 0.00249 0.0019093 0.0027966 0.001167 0.0020009 0.00798 0.01064 0.00695 0.005589 0.00535 0.007274 0.00695 0.00403 0.00547 0.00574 0.007123 0.001802 0.004228 0.001366 0.001518 0.003487 0.003138 0.001206 0.002102 0.001602 0.003548 0.003534 0.00157 0.01667 0.005997 0.005848 0.005731 0.005597 0.004952 0.001434 0.00186 0.012488 0.008951 0.009916 0.00341 0.005616 0.004635 0.001297 0.00226 0.00655
49 0.01311 0.001393 0.002721 0.001548 0.003028 0.002845 0.00588 0.00588 0.004187 0.001837 0.001657 0.00411 0.003694 0.00178 0.00367 0.00131 0.00268 0.0021023 0.0030327 0.0012926 0.0021789 0.00872 0.01145 0.0076 0.006094 0.00583 0.007959 0.0076 0.00446 0.00606 0.00621 0.007835 0.001967 0.00474 0.001505 0.001672 0.003903 0.003513 0.00131 0.002326 0.001725 0.003906 0.003871 0.001653 0.01752 0.006378 0.006241 0.006105 0.005967 0.005563 0.00155 0.001995 0.01355 0.009811 0.010817 0.003769 0.006196 0.005103 0.001408 0.002501 0.00716
50 0.01378 0.001538 0.002994 0.00171 0.00333 0.003109 0.006557 0.006557 0.00455 0.002033 0.00183 0.004518 0.004057 0.00193 0.00396 0.00142 0.0029 0.0022899 0.0033904 0.0014107 0.0023873 0.00952 0.01232 0.00832 0.006654 0.00636 0.008713 0.00832 0.00494 0.00671 0.00671 0.008625 0.002151 0.005285 0.001647 0.00183 0.004343 0.003909 0.001428 0.002579 0.001874 0.004309 0.004218 0.001742 0.01845 0.006781 0.006633 0.006501 0.006359 0.006219 0.001676 0.002138 0.014722 0.010763 0.011809 0.00418 0.006853 0.005616 0.001536 0.002773 0.00784
51 0.01454 0.001695 0.003279 0.001888 0.003647 0.003361 0.007277 0.007277 0.004943 0.002246 0.002016 0.004938 0.004431 0.00209 0.00427 0.00155 0.00313 0.002486 0.0037727 0.0015282 0.0026229 0.0104 0.01327 0.00911 0.007274 0.00695 0.009533 0.00911 0.00547 0.00742 0.0073 0.009483 0.002324 0.005867 0.001793 0.001992 0.004804 0.004324 0.001568 0.002872 0.002053 0.004761 0.004578 0.001839 0.01947 0.007228 0.007064 0.00694 0.006794 0.006917 0.001852 0.002449 0.016014 0.011803 0.012901 0.004635 0.007543 0.006196 0.001686 0.003088 0.0086
52 0.01539 0.001864 0.003576 0.002079 0.00398 0.003642 0.008038 0.008038 0.005378 0.002474 0.002215 0.00537 0.004812 0.00228 0.00462 0.00169 0.00339 0.0026688 0.0042051 0.0016306 0.0029034 0.01137 0.0143 0.00996 0.007959 0.0076 0.010423 0.00996 0.00606 0.00819 0.00796 0.010428 0.00252 0.00648 0.001949 0.002165 0.005283 0.004755 0.001734 0.003213 0.002265 0.005266 0.004958 0.001945 0.02061 0.007738 0.00757 0.007441 0.007289 0.007658 0.002018 0.002667 0.017439 0.012948 0.014201 0.005103 0.008278 0.006853 0.001864 0.003455 0.00944
53 0.01633 0.002047 0.003884 0.002286 0.004331 0.003957 0.00884 0.00884 0.005868 0.002716 0.002426 0.005811 0.005198 0.00248 0.00499 0.00185 0.00367 0.0028667 0.0046575 0.0017601 0.0032172 0.01244 0.01543 0.01089 0.008713 0.00832 0.011392 0.01089 0.00671 0.00903 0.00871 0.01146 0.002738 0.007127 0.00212 0.002355 0.005778 0.0052 0.001907 0.003584 0.002506 0.005827 0.005363 0.002063 0.02186 0.008326 0.008156 0.008016 0.007858 0.008439 0.002207 0.002916 0.01901 0.014195 0.015425 0.005616 0.009033 0.007543 0.002051 0.003854 0.01037
54 0.0174 0.002244 0.004203 0.002507 0.004698 0.00431 0.009682 0.009682 0.006428 0.002971 0.00265 0.00626 0.005591 0.0027 0.00541 0.00203 0.00398 0.0030948 0.0050194 0.0019246 0.0035536 0.01361 0.01665 0.0119 0.009533 0.00911 0.012447 0.0119 0.00742 0.00994 0.00956 0.01259 0.002982 0.007806 0.002315 0.002572 0.006289 0.00566 0.002084 0.003979 0.00277 0.006447 0.005798 0.002194 0.02325 0.008985 0.008813 0.008661 0.008495 0.009261 0.002424 0.003196 0.020743 0.015557 0.016881 0.006196 0.009875 0.008278 0.002241 0.004278 0.01141
55 0.01857 0.002457 0.004534 0.002746 0.005077 0.004705 0.010565 0.010565 0.007073 0.003242 0.002891 0.006718 0.005994 0.00294 0.00586 0.00223 0.00431 0.0033761 0.0055152 0.0021113 0.003907 0.01488 0.01798 0.013 0.010423 0.00996 0.013601 0.013 0.00819 0.01093 0.01047 0.013808 0.003256 0.008519 0.002541 0.002823 0.006812 0.006131 0.002294 0.004425 0.003053 0.007129 0.006271 0.00234 0.02477 0.009701 0.009528 0.009361 0.009186 0.010124 0.002717 0.003624 0.022652 0.017024 0.018483 0.006853 0.010814 0.009033 0.002466 0.004758 0.01255
56 0.01989 0.002689 0.004876 0.003003 0.005465 0.005146 0.011491 0.011491 0.007818 0.003528 0.003151 0.007184 0.006409 0.00321 0.00635 0.00245 0.00468 0.0036901 0.0059796 0.0023298 0.0042981 0.01624 0.01943 0.01421 0.011392 0.01089 0.01487 0.01421 0.00903 0.01202 0.01146 0.015105 0.003574 0.009262 0.002803 0.003114 0.007353 0.006618 0.002563 0.004949 0.00335 0.007876 0.006785 0.002501 0.02643 0.010457 0.010283 0.010102 0.009918 0.011028 0.00309 0.0042 0.024756 0.018633 0.020246 0.007543 0.011863 0.009875 0.002755 0.005322 0.01381
57 0.02134 0.002942 0.005228 0.00328 0.005861 0.00564 0.01246 0.01246 0.008678 0.003832 0.003432 0.007658 0.006839 0.00351 0.0069 0.00271 0.00509 0.0040317 0.0065447 0.002564 0.0047163 0.0177 0.021 0.01554 0.012447 0.0119 0.016264 0.01554 0.00994 0.01322 0.01249 0.016492 0.003948 0.010039 0.003103 0.003448 0.007932 0.007139 0.002919 0.005581 0.003656 0.008688 0.007347 0.002681 0.02829 0.011251 0.011073 0.010879 0.010686 0.011976 0.003478 0.004693 0.027075 0.020358 0.022184 0.008278 0.012952 0.010814 0.003139 0.006001 0.0152
58 0.02294 0.003218 0.005593 0.003578 0.006265 0.006193 0.013476 0.013476 0.009666 0.004155 0.003739 0.008146 0.00729 0.00384 0.00749 0.00299 0.00554 0.0044048 0.0070133 0.0028004 0.0051323 0.01924 0.02271 0.017 0.013601 0.013 0.017788 0.017 0.01093 0.01454 0.01359 0.017948 0.004388 0.010889 0.003443 0.003825 0.008577 0.007719 0.003359 0.0063 0.003965 0.00957 0.007962 0.00288 0.03032 0.012078 0.011892 0.011689 0.011487 0.012968 0.003923 0.005273 0.029629 0.022173 0.024316 0.009033 0.014162 0.011863 0.003612 0.006774 0.01673
59 0.02472 0.003523 0.005988 0.003907 0.006694 0.006812 0.014542 0.014542 0.010782 0.004515 0.004081 0.008671 0.007782 0.0042 0.00814 0.0033 0.00603 0.004809 0.0077397 0.0030334 0.0055507 0.02087 0.02457 0.01859 0.01487 0.01421 0.019457 0.01859 0.01202 0.01598 0.01477 0.019485 0.004901 0.011924 0.003821 0.004246 0.009315 0.008384 0.003863 0.00709 0.004273 0.010524 0.008636 0.003101 0.03255 0.012949 0.01275 0.012542 0.012329 0.014009 0.004441 0.005945 0.032442 0.024089 0.026661 0.009875 0.015509 0.012952 0.004154 0.007623 0.01839
60 0.02669 0.003863 0.006428 0.004277 0.00717 0.007504 0.015662 0.015662 0.012027 0.004927 0.004467 0.009266 0.008338 0.00459 0.00886 0.00365 0.00656 0.0052625 0.0084372 0.0033009 0.0060008 0.02262 0.02659 0.02034 0.016264 0.01554 0.02128 0.02034 0.01322 0.01756 0.01608 0.021122 0.005489 0.013119 0.004241 0.004712 0.010175 0.009158 0.004439 0.007976 0.004575 0.011552 0.009374 0.003345 0.03501 0.013887 0.013674 0.013461 0.013238 0.015102 0.005055 0.006747 0.035538 0.026128 0.029238 0.010814 0.01701 0.014162 0.004773 0.008576 0.0202
61 0.02888 0.004242 0.006933 0.004699 0.007714 0.008278 0.016869 0.016919 0.013401 0.005411 0.004908 0.009961 0.008983 0.00501 0.00964 0.00403 0.00715 0.0057335 0.009212 0.0035957 0.0065038 0.02451 0.02878 0.02224 0.017788 0.017 0.023263 0.02224 0.01454 0.01926 0.01754 0.022878 0.006156 0.01444 0.004703 0.005225 0.011182 0.010064 0.005093 0.008986 0.004865 0.012657 0.010183 0.003591 0.03772 0.014904 0.014678 0.01446 0.014226 0.016219 0.005814 0.007676 0.038947 0.028402 0.032071 0.011863 0.018685 0.015509 0.005476 0.009663 0.02217
62 0.03129 0.004668 0.00752 0.005181 0.008348 0.009144 0.018199 0.018348 0.014901 0.005983 0.005413 0.010787 0.00974 0.00548 0.01049 0.00445 0.0078 0.0062466 0.0098629 0.0039135 0.0070974 0.0266 0.03118 0.02431 0.019457 0.01859 0.025426 0.02431 0.01598 0.0211 0.01919 0.024811 0.006898 0.015863 0.00521 0.005789 0.01237 0.011133 0.005832 0.010147 0.005138 0.013842 0.011067 0.003842 0.04071 0.015997 0.015763 0.015534 0.015288 0.017634 0.006657 0.008757 0.042697 0.030908 0.035183 0.012952 0.020517 0.01701 0.006271 0.010911 0.02428
63 0.03394 0.005144 0.008207 0.005732 0.009093 0.010112 0.019666 0.019986 0.016526 0.006656 0.00599 0.011769 0.01063 0.00599 0.01143 0.00491 0.00851 0.0067445 0.01069 0.0042898 0.0078021 0.02886 0.03376 0.02657 0.02128 0.02034 0.027788 0.02657 0.01756 0.02309 0.02106 0.026912 0.007712 0.017413 0.005769 0.00641 0.013768 0.012391 0.006677 0.011471 0.005508 0.015108 0.011958 0.004126 0.04339 0.017176 0.016938 0.016693 0.016431 0.191167 0.007648 0.010012 0.046822 0.03364 0.038601 0.014162 0.022562 0.018685 0.007179 0.012335 0.02656
64 0.03687 0.005671 0.009008 0.006347 0.009968 0.011195 0.021283 0.021868 0.018286 0.007416 0.006633 0.01292 0.011664 0.00654 0.01246 0.00541 0.00929 0.0072829 0.0116459 0.0047135 0.0086713 0.03131 0.03658 0.02904 0.023263 0.02224 0.030375 0.02904 0.01926 0.02525 0.02314 0.029162 0.008608 0.019185 0.006386 0.007095 0.015409 0.013868 0.007621 0.01294 0.00609 0.01646 0.012818 0.004474 0.04759 0.018452 0.018215 0.017949 0.017669 0.020927 0.008619 0.01128 0.051357 0.036577 0.042355 0.015509 0.024847 0.020517 0.008194 0.013914 0.02904
65 0.04013 0.00625 0.00994 0.007017 0.010993 0.012406 0.023066 0.024012 0.020192 0.008241 0.007336 0.014248 0.012851 0.00714 0.01358 0.00593 0.01014 0.0078072 0.012549 0.0052346 0.0095833 0.034 0.03964 0.03175 0.025426 0.02431 0.033221 0.03175 0.0211 0.02761 0.02542 0.03162 0.009563 0.02126 0.007064 0.007849 0.017324 0.015592 0.008636 0.014535 0.006888 0.018071 0.013697 0.004909 0.05156 0.019805 0.019569 0.019281 0.018981 0.02294 0.009706 0.012737 0.05634 0.039799 0.046475 0.01701 0.027232 0.022562 0.009286 0.015629 0.03175
66 0.04371 0.006878 0.011016 0.007734 0.012188 0.013759 0.02503 0.026412 0.022256 0.009114 0.00809 0.015761 0.014199 0.00778 0.01481 0.00648 0.01107 0.0084053 0.0135129 0.0057864 0.0105349 0.037 0.04296 0.03474 0.027788 0.02657 0.036361 0.03474 0.02309 0.03021 0.02785 0.034364 0.010565 0.023643 0.007817 0.008686 0.019532 0.017579 0.009694 0.016239 0.007906 0.020031 0.01464 0.005448 0.0559 0.021276 0.021042 0.020731 0.020413 0.025212 0.010954 0.014409 0.061814 0.043445 0.050995 0.018685 0.029634 0.024847 0.010423 0.017462 0.03474
67 0.04765 0.007555 0.012251 0.008491 0.013572 0.015272 0.027193 0.029045 0.024491 0.010012 0.008888 0.017467 0.015717 0.0085 0.01616 0.0071 0.0121 0.0090414 0.0143795 0.006393 0.0114564 0.04032 0.04656 0.03804 0.030375 0.02904 0.039825 0.03804 0.02525 0.03308 0.03044 0.037395 0.011621 0.026316 0.008681 0.009646 0.022004 0.019804 0.010764 0.018034 0.009149 0.022342 0.015691 0.006083 0.06069 0.022948 0.022715 0.022386 0.022051 0.027729 0.012163 0.016075 0.067822 0.047491 0.055953 0.020517 0.032073 0.027232 0.011574 0.019391 0.03804
68 0.052 0.008287 0.013657 0.009288 0.01516 0.016963 0.029577 0.031867 0.026911 0.010931 0.009731 0.019373 0.017414 0.00927 0.01763 0.00775 0.01323 0.0097934 0.0156326 0.0071061 0.0124987 0.04401 0.05046 0.04168 0.033221 0.03175 0.043603 0.04168 0.02761 0.03624 0.03319 0.040733 0.012877 0.029188 0.009702 0.01078 0.024699 0.022229 0.011763 0.019859 0.010623 0.025002 0.016891 0.006795 0.06595 0.02487 0.024637 0.024296 0.023947 0.030456 0.013445 0.017871 0.074415 0.051963 0.061387 0.022562 0.034743 0.029634 0.012648 0.021354 0.04168
69 0.05676 0.009102 0.015233 0.010163 0.016946 0.018853 0.032202 0.034836 0.029531 0.011916 0.010653 0.021486 0.019296 0.01009 0.01925 0.00843 0.01446 0.0105983 0.0167943 0.0079214 0.0135974 0.04803 0.0547 0.04561 0.036361 0.03474 0.047651 0.04561 0.03021 0.03966 0.03617 0.04437 0.014461 0.032435 0.010922 0.012135 0.027574 0.024817 0.012709 0.021729 0.012332 0.028012 0.018278 0.007572 0.07171 0.027027 0.026793 0.026443 0.026083 0.033352 0.01486 0.019802 0.081642 0.056855 0.067341 0.024847 0.037667 0.032073 0.013665 0.023364 0.04561
70 0.06199 0.010034 0.016979 0.011165 0.01892 0.020964 0.035092 0.037916 0.032367 0.013027 0.011697 0.02381 0.021371 0.011 0.02102 0.00919 0.01581 0.0115216 0.0183789 0.0088362 0.0150356 0.05233 0.0593 0.04979 0.039825 0.03804 0.051914 0.04979 0.03308 0.0433 0.03951 0.048239 0.016477 0.036106 0.012385 0.013761 0.030589 0.02753 0.01373 0.02373 0.014281 0.031371 0.019886 0.008398 0.07802 0.029359 0.029122 0.028766 0.028396 0.036376 0.016742 0.022206 0.089561 0.062084 0.07386 0.027232 0.040871 0.034743 0.014763 0.025516 0.04979
71 0.06767 0.011117 0.018891 0.012339 0.021071 0.023321 0.038272 0.041101 0.035436 0.014326 0.012905 0.026353 0.023647 0.01202 0.02295 0.01006 0.0173 0.0124819 0.0202899 0.0097454 0.0166761 0.05686 0.06427 0.05415 0.043603 0.04168 0.056337 0.05415 0.03624 0.04709 0.0433 0.052275 0.019 0.040008 0.014128 0.015698 0.033727 0.030354 0.014953 0.025951 0.016474 0.035081 0.02175 0.009262 0.08493 0.031839 0.031598 0.031234 0.030852 0.039509 0.018579 0.02457 0.09823 0.068386 0.080994 0.029634 0.044504 0.037667 0.016079 0.027905 0.05415
72 0.07373 0.012386 0.020967 0.013734 0.023388 0.025954 0.041771 0.04442 0.038756 0.015872 0.014319 0.02912 0.026131 0.01312 0.02508 0.01102 0.01893 0.0136001 0.0226976 0.010748 0.0187002 0.06158 0.06966 0.05865 0.047651 0.04561 0.060886 0.05865 0.03966 0.051 0.04765 0.056458 0.021911 0.043827 0.01616 0.017955 0.037078 0.03337 0.016506 0.028481 0.018916 0.03914 0.023889 0.010151 0.09251 0.034509 0.034268 0.033892 0.033496 0.042761 0.020665 0.027281 0.107713 0.075048 0.088795 0.032073 0.048504 0.040871 0.017748 0.030625 0.05865
73 0.08018 0.013871 0.023209 0.015391 0.025871 0.028892 0.04562 0.047987 0.042346 0.017717 0.01598 0.032123 0.028835 0.0143 0.0274 0.01204 0.02072 0.0147735 0.0254119 0.0117749 0.0208752 0.06642 0.0755 0.06326 0.051914 0.04979 0.065611 0.06326 0.0433 0.05501 0.05264 0.060731 0.025112 0.047489 0.018481 0.020534 0.040756 0.03668 0.018344 0.031201 0.021612 0.043549 0.026286 0.011054 0.10077 0.037378 0.03714 0.036746 0.036335 0.046204 0.02297 0.030387 0.118075 0.082003 0.097319 0.034743 0.052913 0.044504 0.019724 0.033549 0.06326
74 0.08703 0.015592 0.025644 0.017326 0.028552 0.032171 0.049852 0.051822 0.046226 0.019883 0.017909 0.035398 0.031794 0.01558 0.02994 0.01313 0.02268 0.0164225 0.0280659 0.0128002 0.0232898 0.07153 0.08181 0.06812 0.056337 0.05415 0.070653 0.06812 0.04709 0.05923 0.05819 0.06521 0.028632 0.051221 0.021092 0.023435 0.044876 0.040388 0.020381 0.034051 0.024568 0.048308 0.028914 0.011961 0.10987 0.040462 0.040228 0.039812 0.039382 0.049905 0.025458 0.0339 0.129387 0.089417 0.106626 0.037667 0.057775 0.048504 0.021915 0.036614 0.06812
75 0.09437 0.017564 0.028304 0.019551 0.031477 0.035829 0.054501 0.055946 0.050417 0.022383 0.020127 0.038986 0.035046 0.01699 0.03273 0.01433 0.02483 0.0182079 0.0298929 0.013845 0.0257844 0.07704 0.08864 0.07337 0.060886 0.05865 0.076164 0.07337 0.051 0.0638 0.06419 0.070004 0.032385 0.055293 0.023992 0.026658 0.049552 0.044597 0.022686 0.037211 0.027786 0.053416 0.031746 0.012878 0.11972 0.043769 0.043539 0.043097 0.042648 0.053884 0.028106 0.037834 0.141721 0.097453 0.116777 0.040871 0.063142 0.052913 0.024393 0.040012 0.07337
76 0.10231 0.019805 0.03122 0.022075 0.034686 0.039907 0.059609 0.060381 0.054941 0.025228 0.022654 0.04293 0.038631 0.01856 0.03578 0.01566 0.02719 0.0203084 0.0326954 0.0151097 0.0286674 0.08314 0.09602 0.07918 0.065611 0.06326 0.082306 0.07918 0.05501 0.06885 0.07053 0.075299 0.036408 0.060068 0.027185 0.030205 0.054876 0.049388 0.025325 0.040858 0.031273 0.058875 0.034759 0.013868 0.13053 0.047327 0.047098 0.046629 0.046159 0.058164 0.030966 0.042169 0.155154 0.107087 0.127839 0.044504 0.068628 0.057775 0.027231 0.043933 0.07918
77 0.11106 0.022328 0.034425 0.02491 0.038225 0.044451 0.065216 0.06514 0.059821 0.028433 0.025509 0.047272 0.042587 0.0203 0.03912 0.01714 0.02977 0.0223018 0.0358784 0.0166446 0.0317212 0.08998 0.10399 0.0857 0.070653 0.06812 0.089215 0.0857 0.05923 0.07452 0.07712 0.081234 0.040769 0.065924 0.030672 0.03408 0.060842 0.054758 0.028366 0.045171 0.035033 0.064683 0.037928 0.015004 0.14226 0.051179 0.050944 0.05045 0.049961 0.062761 0.034105 0.046906 0.169765 0.117963 0.13988 0.048504 0.074648 0.063142 0.030501 0.04857 0.0857
78 0.12083 0.025158 0.037948 0.028074 0.042132 0.049513 0.071368 0.070253 0.065081 0.032017 0.028717 0.052054 0.046951 0.02221 0.04278 0.01876 0.03261 0.0247974 0.0398857 0.0186115 0.0348424 0.09771 0.11259 0.09306 0.076164 0.07337 0.096927 0.09306 0.0638 0.08092 0.0839 0.087909 0.045472 0.072595 0.034459 0.038288 0.06742 0.060678 0.031727 0.050211 0.039071 0.07084 0.041232 0.016352 0.15502 0.055366 0.055115 0.054596 0.054091 0.067697 0.037595 0.052123 0.185633 0.130283 0.152972 0.052913 0.081256 0.068628 0.034115 0.053991 0.09306
79 0.13173 0.028341 0.041812 0.031612 0.046427 0.055147 0.078113 0.075741 0.070747 0.036029 0.032328 0.057325 0.051755 0.02431 0.04679 0.02055 0.03573 0.0276023 0.0429656 0.0210603 0.0382344 0.10625 0.12186 0.10119 0.082306 0.07918 0.105351 0.10119 0.06885 0.08799 0.09105 0.095268 0.050616 0.079692 0.038549 0.042832 0.074583 0.067125 0.035362 0.055861 0.043392 0.077348 0.044649 0.017972 0.16893 0.05991 0.059631 0.059091 0.058572 0.072997 0.041506 0.057927 0.202839 0.144029 0.167188 0.057775 0.088518 0.074648 0.038024 0.060066 0.10119
80 0.14447 0.031933 0.046037 0.03558 0.051128 0.061415 0.085503 0.081627 0.076847 0.040525 0.036395 0.063132 0.057026 0.02674 0.05118 0.02264 0.03914 0.0309387 0.0479174 0.0240473 0.0417852 0.11548 0.13185 0.10998 0.089215 0.0857 0.114392 0.10998 0.07452 0.09564 0.09884 0.103168 0.056085 0.087431 0.042945 0.047717 0.0823 0.07407 0.039396 0.062027 0.048 0.084205 0.048159 0.019917 0.18397 1 1 1 1 0.078684 0.045879 0.064368 0.221464 0.159043 0.182604 0.063142 0.096218 0.081256 0.042361 0.066696 0.10998
81 0.1586 0.035985 0.050643 0.04003 0.05625 0.068383 0.093593 0.087937 0.083411 0.045561 0.040975 0.069523 0.062791 0.02962 0.05598 0.02516 0.04289 0.034852 0.0528419 0.0273368 0.0457989 0.12532 0.1426 0.11935 0.096927 0.09306 0.123948 0.11935 0.08092 0.10378 0.10748 0.111553 0.061853 0.095445 0.047655 0.05295 0.090538 0.081484 0.043952 0.068615 0.0529 0.091412 0.051743 0.022237 0.20014 0 0 0 0 0.084782 0.05078 0.072041 0.241589 0.176815 0.199296 0.068628 0.10431 0.088518 0.04726 0.07378 0.11935
82 0.1743 0.040552 0.055651 0.045017 0.061809 0.076121 0.102443 0.0947 0.090471 0.051194 0.046121 0.076547 0.069081 0.03307 0.06125 0.02817 0.047 0.0394659 0.0586542 0.0307907 0.049948 0.13563 0.15416 0.12917 0.105351 0.10119 0.133923 0.12917 0.08799 0.11232 0.11725 0.120277 0.067936 0.103691 0.052691 0.058546 0.099244 0.08932 0.049153 0.075532 0.058097 0.098969 0.055383 0.024976 0.21788 0 0 0 0 0.091319 0.056294 0.080486 0.2632 0.195857 0.217339 0.074648 0.112816 0.096218 0.052853 0.081217 0.12917
83 0.19156 0.04569 0.06108 0.0506 0.067826 0.084707 0.112113 0.101944 0.098061 0.057483 0.051889 0.084229 0.075908 0.03711 0.06701 0.03176 0.0515 0.0444953 0.0638227 0.0342908 0.0544018 0.14635 0.16657 0.13938 0.114392 0.10998 0.144297 0.13938 0.09564 0.1212 0.12826 0.129281 0.074351 0.112303 0.058071 0.064523 0.108361 0.097525 0.054857 0.08251 0.063596 0.106876 0.059062 0.028152 0.23677 0 0 0 0 0.098322 0.062506 0.089718 0.28664 0.216109 0.23681 0.081256 0.122079 0.10431 0.058986 0.088721 0.13938
84 0.21136 0.051456 0.066948 0.056865 0.074322 0.094224 0.122669 0.109694 0.106217 0.064512 0.058336 0.092498 0.08323 0.04185 0.07332 0.03577 0.05645 0.0497225 0.0694993 0.0381713 0.0597001 0.15751 0.17988 0.15001 0.123948 0.11935 0.155124 0.15001 0.10378 0.13045 0.14025 0.138597 0.081501 0.121116 0.063807 0.070897 0.11783 0.106047 0.060979 0.089613 0.069401 0.115132 0.062764 0.031713 0.25721 0 0 0 0 0.105819 0.069517 0.099779 0.311707 0.237657 0.257781 0.088518 0.132174 0.112816 0.065569 0.096358 0.15001
85 0.23555 0.057913 0.073275 0.063907 0.081326 0.10476 0.134178 0.117987 0.114977 0.072368 0.065518 0.101261 0.090987 0.04749 0.08024 0.04042 0.06187 0.0559396 0.0773917 0.0428888 0.066509 0.1692 0.19413 0.16114 0.133923 0.12917 0.166468 0.16114 0.11232 0.14012 0.15295 0.148276 0.089179 0.130102 0.069918 0.077687 0.127595 0.114836 0.067738 0.09724 0.075517 0.123739 0.066473 0.03559 0.27978 0 0 0 0 0.113841 0.077446 0.110757 0.338549 0.26062 0.280322 0.096218 0.143179 0.122079 0.072836 0.104559 0.16114
86 0.26568 0.065119 0.080076 0.071815 0.088863 0.116409 0.146709 0.126843 0.12438 0.081137 0.073493 0.110424 0.099122 0.05413 0.08781 0.04582 0.06782 0.0627591 0.0847935 0.0490175 0.0744187 0.18146 0.20937 0.17282 0.144297 0.13938 0.178392 0.17282 0.1212 0.15027 0.16609 0.158359 0.097468 0.139315 0.07657 0.085078 0.137967 0.12417 0.075347 0.105792 0.08195 0.132695 0.070175 0.03972 0.3025 0 0 0 0 0.122415 0.086376 0.122797 0.367217 0.301064 0.304497 0.10431 0.155147 0.132174 0.081018 0.113755 0.17282
87 0.30302 0.073136 0.08737 0.080682 0.096958 0.12927 0.160333 0.136307 0.134466 0.090907 0.082318 0.119894 0.107577 0.0617 0.09609 0.05219 0.07434 0.0699435 0.0943216 0.0560458 0.0839599 0.19439 0.22563 0.18513 0.155124 0.15001 0.191021 0.18513 0.13045 0.16098 0.17955 0.168937 0.106452 0.148714 0.08387 0.093189 0.148744 0.13387 0.084023 0.115671 0.088703 0.142 0.073892 0.044041 0.32761 0 0 0 0 0.131575 0.096337 0.136043 0.397746 0.345335 0.330364 0.112816 0.168208 0.143179 0.090348 0.124377 0.18513
88 0.34669 0.081991 0.095169 0.090557 0.105631 0.143445 0.175124 0.146397 0.145274 0.101721 0.092017 0.129609 0.116316 0.0704 0.10517 0.05928 0.0815 0.0770216 0.101914 0.0632215 0.093439 0.20816 0.243 0.19825 0.166468 0.16114 0.204573 0.19825 0.14012 0.17239 0.19327 0.180129 0.116226 0.158486 0.091935 0.10215 0.160081 0.144073 0.09382 0.12698 0.095781 0.151656 0.077791 0.048501 0.35383 0 0 0 0 0.141352 0.107303 0.15059 0.43016 0.393903 0.357972 0.122079 0.182461 0.155147 0.100882 0.136537 0.19825
89 0.39586 0.091577 0.103455 0.101307 0.114858 0.15904 0.191151 0.157153 0.156841 0.113454 0.102491 0.139643 0.125394 0.08096 0.11511 0.06734 0.08935 0.0854361 0.113095 0.0703395 0.10497 0.22308 0.26144 0.21246 0.178392 0.17282 0.219368 0.21246 0.15027 0.18475 0.20729 0.192208 0.126893 0.168709 0.101354 0.112616 0.172066 0.154859 0.104594 0.139452 0.10319 0.161661 0.08206 0.053047 0.38241 0 0 0 0 0.151775 0.119154 0.16642 0.464464 0.447646 0.387359 0.132174 0.19803 0.168208 0.112467 0.149949 0.21246
90 0.45455 0.101758 0.112208 0.112759 0.124612 0.176161 0.208485 0.168604 0.169202 0.125936 0.113605 0.150099 0.134887 0.0931 0.126 0.07651 0.09796 0.0952068 0.1207108 0.0776935 0.1143591 0.23955 0.28099 0.22814 0.191021 0.18513 0.235822 0.22814 0.16098 0.19838 0.22177 0.205495 0.138577 0.179452 0.11175 0.124167 0.184785 0.166307 0.116265 0.152931 0.110934 0.172016 0.08688 0.057633 0.40988 0 0 0 0 0.162879 0.131682 0.183408 0.500645 0.50773 0.418551 0.143179 0.215035 0.182461 0.125016 0.164442 0.22814
91 0.53247 0.112395 0.121402 0.124733 0.134861 0.194913 0.227192 0.180783 0.182389 0.138997 0.125227 0.161082 0.144873 0.10647 0.13792 0.08727 0.10741 0.1055215 0.1284853 0.085828 0.1247292 0.25806 0.30173 0.24577 0.204573 0.19825 0.254438 0.24577 0.17239 0.21371 0.23698 0.220333 0.151192 0.190489 0.123076 0.136751 0.198016 0.178214 0.128751 0.16726 0.119017 0.182721 0.092417 0.062214 0.44335 0 0 0 0 0.174694 0.144604 0.199769 0.538669 0.543067 0.451557 0.155147 0.232983 0.19803 0.138442 0.179849 0.24577
92 0.63426 0.123349 0.131017 0.137054 0.145575 0.215399 0.247332 0.193724 0.196431 0.152469 0.137222 0.172699 0.155429 0.1211 0.15098 0.09906 0.11777 0.1176157 0.1389316 0.0942675 0.1325577 0.27923 0.32364 0.26593 0.219368 0.21246 0.275822 0.26593 0.18475 0.23124 0.25345 0.237268 0.165077 0.201681 0.13563 0.1507 0.211622 0.19046 0.141973 0.182281 0.127445 0.193775 0.098826 0.066805 0.47788 0 0 0 0 0.187254 0.157618 0.216605 0.578479 0.583391 0.486372 0.168208 0.252545 0.215035 0.15266 0.196001 0.26593
93 0.73418 0.134486 0.14103 0.149552 0.156727 0.237714 0.26896 0.207446 0.211355 0.166187 0.149462 0.185049 0.166629 0.13857 0.16528 0.11227 0.12913 0.1322245 0.1502272 0.1042955 0.1466181 0.30376 0.34666 0.2893 0.235822 0.22814 0.300669 0.2893 0.19838 0.25147 0.27211 0.256875 0.180401 0.212986 0.149577 0.166197 0.225563 0.203007 0.155931 0.198392 0.136223 0.20518 0.106254 0.071626 0.50847 0 0 0 0 0.200585 0.170433 0.233662 0.619994 0.630071 0.52297 0.182461 0.273878 0.232983 0.167668 0.213325 0.2893
94 0.85714 0.145689 0.151422 0.162079 0.16829 0.261943 0.292118 0.221962 0.227186 0.180008 0.161834 0.198219 0.178537 0.15795 0.18093 0.128 0.1416 0.1462507 0.1624412 0.1150503 0.158572 0.33249 0.371 0.31666 0.254438 0.24577 0.330696 0.31666 0.21371 0.2749 0.2959 0.279802 0.197349 0.226535 0.165103 0.183448 0.242116 0.217904 0.170677 0.2157 0.145354 0.216934 0.114501 0.076932 0.55172 0 0 0 0 0.214704 0.182799 0.250693 0.66311 0.684645 0.561307 0.19803 0.297152 0.252545 0.183524 0.231936 0.31666
95 1 0.156846 0.162179 0.174492 0.180245 0.288153 0.316834 0.237316 0.243947 0.193795 0.174228 0.212291 0.191214 0.17998 0.19808 0.14641 0.15527 0.1626539 0.1756482 0.1264029 0.1737468 0.3688 0.39621 0.35124 0.275822 0.26593 0.370645 0.35124 0.23124 0.30303 0.32996 0.30884 0.216129 0.241164 0.182419 0.202688 0.260096 0.234086 0.186213 0.233606 0.154845 0.229038 0.123276 0.082952 0.61538 0 0 0 0 0.229639 0.194509 0.267491 0.707697 0.753865 0.601315 0.215035 0.322553 0.273878 0.200229 0.251189 0.35124
96 0 0.167841 0.173279 0.186647 0.192565 0.316391 0.343122 0.253487 0.261659 0.207411 0.186535 0.227346 0.204721 0.20594 0.21686 0.16835 0.17027 0.1810076 0.1899291 0.1371851 0.1895589 0.42059 0.44719 0.40056 0.300669 0.2893 0.433488 0.40056 0.25147 0.34336 0.38455 0.35179 0.23697 0.256204 0.201757 0.224174 0.27604 0.248436 0.202538 0.25151 0.164699 0.241491 0.132579 0.089696 0.8 0 0 0 0 0.245402 0.205379 0.283905 0.753601 0.757326 0.642906 0.232983 0.349505 0.297152 0.217783 0.270441 0.40056
97 0 0.178563 0.184706 0.198403 0.205229 0.346674 0.370973 0.271569 0.280342 0.220718 0.198646 0.243467 0.21912 0.23015 0.23742 0.18672 0.18672 0.1999287 0.205371 0.147791 0.205371 0.51284 0.54826 0.48842 0.330696 0.31666 0.549249 0.48842 0.2749 0.40979 0.4802 0.42848 0.258059 0.27248 0.222044 0.246715 0.293282 0.263954 0.219655 0.268815 0.174921 0.254295 0.14241 0.097025 1 0 0 0 0 0.262528 0.21524 0.299852 0.800647 0.798937 0.685967 0.252545 0.378865 0.322553 0.236188 0.289048 0.48842
98 0 0.189604 0.196946 0.210337 0.218683 0.378986 0.400352 0.293138 0.300015 0.234236 0.211102 0.260903 0.234735 0.25194 0.25994 0.20477 0.20477 0.2191843 0.2220684 0.1592878 0.2220684 0.70156 0.72467 0.66815 0.370645 0.35124 0.750796 0.66815 0.30303 0.52262 0.65798 0.56225 0.280237 0.290163 0.243899 0.270999 0.312003 0.280803 0.237713 0.285277 0.185517 0.267448 0.152769 0.104941 0 0 0 0 0 0.282354 0.223947 0.315296 0.848638 0.886325 0.730365 0.273878 0.410875 0.349505 0.255605 0.30675 0.66815
99 0 0.201557 0.210484 0.223027 0.233371 0.413266 0.431199 0.318434 0.320696 0.248485 0.224445 0.279903 0.251889 0.27912 0.2846 0.22457 0.22457 0.2407379 0.2401233 0.1717446 0.2401233 1 1 1 0.433488 0.40056 1 1 0.34336 0.70855 1 0.75284 0.304679 0.309125 0.268185 0.297983 0.332393 0.299154 0.256712 0.301298 0.19649 0.280951 0.163656 0.113444 0 0 0 0 0 0.305786 0.231387 0.330207 0.897361 0.969804 0.775943 0.297152 0.445768 0.378865 0.276035 0.323976 1
100 0 0.215013 0.225806 0.237051 0.249741 0.4494 0.463415 0.347873 0.342402 0.263985 0.239215 0.300716 0.270906 0.31072 0.31161 0.24628 0.24628 0.2596462 0.2596462 0.1817103 0.2596462 0 0 0 0.549249 0.48842 0 0 0.40979 1 0 0.75284 0.33163 0.329825 0.295187 0.327986 0.35465 0.319185 0.276427 0.317238 0.207846 0.294803 0.17507 0.122532 0 0 0 0 0 0.333154 0.237467 0.344556 0.946589 1 0.822527 0.322553 0.48383 0.410875 0.297233 0.341116 0
101 0 0.230565 0.243398 0.252985 0.268237 0.487216 0.49687 0.382434 0.36515 0.281255 0.255953 0.323592 0.292111 0.34118 0.34118 0.2701 0.2701 0.2807563 0.2807563 0.1981795 0.2807563 0 0 0 0.750796 0.66815 0 0 0.52262 0 0 0.75284 0.361361 0.352455 0.325225 0.361361 0.378984 0.341086 0.296629 0.333461 0.21959 0.309006 0.187013 0.132207 0 0 0 0 0 0.365154 0.244834 0.358628 0.996083 0 0.869923 0.349505 0.524301 0.445768 0.318956 0.35856 0
102 0 0.248805 0.263745 0.271406 0.289305 0.526477 0.531389 0.42281 0.388956 0.300815 0.275201 0.34878 0.315826 0.37357 0.37357 0.29622 0.29622 0.3035828 0.3035828 0.2190084 0.3035828 0 0 0 1 1 0 0 0.70855 0 0 0.75284 0.394167 0.37722 0.358897 0.398774 0.405613 0.365052 0.317093 0.35033 0.231725 0.323558 0.199483 0.142468 0 0 0 0 0 0.402622 0.254498 0.371685 1 0 0.917925 0.378865 0.568365 0.48383 0.34096 0.376699 0
103 0 0.270326 0.287334 0.292893 0.313391 0.566872 0.566757 0.52404 0.439806 0.323185 0.2975 0.376529 0.342377 0.40904 0.40904 0.32488 0.32488 0.3282651 0.3282651 0.2420264 0.3282651 0 0 0 0 0 0 0 1 0 0 0.75284 0.430366 0.406205 0.395843 0.439825 0.43678 0.393102 0.338505 0.368542 0.244258 0.33846 0.212481 0.153316 0 0 0 0 0 0.446479 0.266044 0.38304 0 0 1 0.410875 0.616382 0.524301 0.364586 0.396884 0
104 0 0.295719 0.314649 0.318023 0.34094 0.608017 0.602714 0.591116 0.466881 0.348885 0.32339 0.407088 0.372086 0.44788 0.44788 0.35632 0.35632 0.3549543 0.3549543 0.2674637 0.3549543 0 0 0 0 0 0 0 0 0 0 0.75284 0.471522 0.441497 0.43836 0.487067 0.474728 0.427255 0.361016 0.387855 0.257192 0.353712 0.226008 0.16475 0 0 0 0 0 0.497094 0.279055 0.392003 0 0 0 0.445768 0.668696 0.568365 0.389996 0.418855 0
105 0 0.325576 0.346177 0.347373 0.372398 0.649459 0.638956 0.670358 0.495076 0.378434 0.353414 0.440707 0.405278 0.49042 0.49042 0.3908 0.3908 0.3838133 0.3838133 0.2955744 0.3838133 0 0 0 0 0 0 0 0 0 0 0.75284 0.519196 0.485182 0.487816 0.542018 0.521701 0.469531 0.383597 0.407224 0.270533 0.369313 0.240062 0.17677 0 0 0 0 0 0.557578 0.293116 0.397886 0 0 0 0.48383 0.725745 0.616382 0.41518 0.440585 0
106 0 0.360491 0.382403 0.38152 0.40821 0.690674 0.675143 0.775525 0.524406 0.412352 0.388111 0.477634 0.442277 0.537 0.537 0.42862 0.42862 0.4150187 0.4150187 0.3266396 0.4150187 0 0 0 0 0 0 0 0 0 0 0.75284 0.57495 0.539343 0.545886 0.60654 0.579939 0.521945 0.405217 0.425599 0.284285 0.385264 0.254644 0.189377 0 0 0 0 0 0.630737 0.307811 0.4 0 0 0 0.524301 0.786495 0.668696 0.438126 0.460043 0
107 0 0.401054 0.423813 0.421042 0.448823 0.731092 0.710898 0.833333 0.554886 0.45116 0.428023 0.51812 0.483406 0.58801 0.58801 0.47011 0.47011 0.4487611 0.4487611 0.3609698 0.4487611 0 0 0 0 0 0 0 0 0 0 0.75284 0.640345 0.606069 0.614309 0.682566 0.651687 0.586518 0.424846 0.441935 0.298454 0.401566 0.269753 0.20257 0 0 0 0 0 0.722942 0.322725 0.4 0 0 0 0.568365 0.852659 0.725745 0.456824 0.4752 0
108 0 0.44786 0.470893 0.466516 0.494681 0.770105 0.745822 1 0.587554 0.495376 0.473692 0.562412 0.528989 0.64387 0.64387 0.51562 0.51562 0.485247 0.485247 0.3989082 0.485247 0 0 0 0 0 0 0 0 0 0 0.75284 0.716944 0.687444 0.694885 0.772094 0.739187 0.665268 0.444368 0.457553 0.313042 0.418216 0.285391 0.216349 0 0 0 0 0 0.804429 0.337441 0.4 0 0 0 0.616382 0.924666 0.786495 0.471493 0.48567 0
109 0 0.501498 0.524128 0.51852 0.546231 1 1 0 0.624586 0.545521 0.525658 0.610761 0.579351 0.70505 0.70505 0.56553 0.56553 0.5246993 0.5246993 0.4408339 0.5246993 0 0 0 0 0 0 0 0 0 0 1 0.806309 0.785555 0.789474 0.877193 0.844683 0.760215 0.464469 0.47315 0.328057 0.435217 0.301557 0.230715 0 0 0 0 0 0.916667 0.351544 0.4 0 0 0 0.668696 1 0.852659 0.483473 0.492807 0
110 0 0.562563 0.584004 0.577631 0.603917 0 0 0 0.670361 0.602115 0.584462 0.663417 0.634814 0.77204 0.77204 0.62029 0.62029 0.5673592 0.5673592 0.4871661 0.5673592 0 0 0 0 0 0 0 0 0 0 0 1 1 1 1 1 1 0.482325 0.486745 0.343502 0.452567 0.31825 0.245667 0 0 0 0 0 1 0.364617 0.4 0 0 0 0.725745 0 0.924666 0.492436 0.497189 0
111 0 0.631645 0.651007 0.644427 0.668186 0 0 0 0.733619 0.665676 0.650646 0.720626 0.695704 0.8454 0.8454 0.68035 0.68035 0.6134875 0.6134875 0.5383679 0.6134875 0 0 0 0 0 0 0 0 0 0 0 0 0 0 0 0 0 0.49511 0.496356 0.359382 0.470267 0.335472 0.261205 0 0 0 0 0 0 0.376246 0.4 0 0 0 1 0 1 0.498054 0.499394 0
112 0 0.709338 0.725622 0.719484 0.739483 0 0 0 0.831839 0.736725 0.72475 0.78264 0.762343 0.92575 0.92575 0.74623 0.74623 0.6633662 0.6633662 0.594951 0.6633662 0 0 0 0 0 0 0 0 0 0 0 0 0 0 0 0 0 0.5 0.5 0.375701 0.488317 0.353221 0.27733 0 0 0 0 0 0 0.386015 0.4 0 0 0 0 0 0 0.5 0.5 0
113 0 0.796233 0.808336 0.80338 0.818254 0 0 0 1 0.815782 0.807316 0.849708 0.835056 1 1 0.81849 0.81849 0.7173002 0.7173002 0.657481 0.7173002 0 0 0 0 0 0 0 0 0 0 0 0 0 0 0 0 0 0.5 0.5 0.392465 0.506717 0.371499 0.294041 0 0 0 0 0 0 0.393507 0.4 0 0 0 0 0 0 0.5 0.5 0
114 0 0.892923 0.899633 0.896693 0.904945 0 0 0 0 0.903367 0.898885 0.922077 0.914167 0 0 0.89776 0.89776 0.7756192 0.7756192 0.7265831 0.7756192 0 0 0 0 0 0 0 0 0 0 0 0 0 0 0 0 0 0.5 0.5 0.409679 0.525466 0.390304 0.311338 0 0 0 0 0 0 0.398308 0.4 0 0 0 0 0 0 0.5 0.5 0
115 0 1 1 1 1 0 0 0 0 1 1 1 1 0 0 0.98471 0.98471 0.8386798 0.8386798 0.8029478 0.8386798 0 0 0 0 0 0 0 0 0 0 0 0 0 0 0 0 0 0.5 0.5 0.427347 0.544565 0.409637 0.329222 0 0 0 0 0 0 0.4 0.4 0 0 0 0 0 0 0.5 0.5 0
116 0 0 0 0 0 0 0 0 0 0 0 0 0 0 0 1 1 0.9068674 0.9068674 0.8873386 0.9068674 0 0 0 0 0 0 0 0 0 0 0 0 0 0 0 0 0 0.5 0.5 0.445474 0.564014 0.429498 0.347692 0 0 0 0 0 0 0.4 0.4 0 0 0 0 0 0 0.5 0.5 0
117 0 0 0 0 0 0 0 0 0 0 0 0 0 0 0 0 0 0.9805989 0.9805989 0.9805989 0.9805989 0 0 0 0 0 0 0 0 0 0 0 0 0 0 0 0 0 0.5 0.5 0.464064 0.583813 0.449887 0.366748 0 0 0 0 0 0 0.4 0.4 0 0 0 0 0 0 0.5 0.5 0
118 0 0 0 0 0 0 0 0 0 0 0 0 0 0 0 0 0 1 1 1 1 0 0 0 0 0 0 0 0 0 0 0 0 0 0 0 0 0 0.5 0.5 0.483123 0.603962 0.470804 0.386391 0 0 0 0 0 0 0.4 0.4 0 0 0 0 0 0 0.5 0.5 0
119 0 0 0 0 0 0 0 0 0 0 0 0 0 0 0 0 0 1 1 1 1 0 0 0 0 0 0 0 0 0 0 0 0 0 0 0 0 0 0.5 0.5 1 1 0.492248 0.40662 0 0 0 0 0 0 0.4 0.4 0 0 0 0 0 0 0.5 0.5 0
120 0 0 0 0 0 0 0 0 0 0 0 0 0 0 0 0 0 0 0 0 0 0 0 0 0 0 0 0 0 0 0 0 0 0 0 0 0 0 1 1 0 0 0.514221 0.427435 0 0 0 0 0 0 1 1 0 0 0 0 0 0 1 1 0
121 0 0 0 0 0 0 0 0 0 0 0 0 0 0 0 0 0 0 0 0 0 0 0 0 0 0 0 0 0 0 0 0 0 0 0 0 0 0 0 0 0 0 0.536722 0.448837 0 0 0 0 0 0 0 0 0 0 0 0 0 0 0 0 0
122 0 0 0 0 0 0 0 0 0 0 0 0 0 0 0 0 0 0 0 0 0 0 0 0 0 0 0 0 0 0 0 0 0 0 0 0 0 0 0 0 0 0 0.55975 0.470825 0 0 0 0 0 0 0 0 0 0 0 0 0 0 0 0 0
123 0 0 0 0 0 0 0 0 0 0 0 0 0 0 0 0 0 0 0 0 0 0 0 0 0 0 0 0 0 0 0 0 0 0 0 0 0 0 0 0 0 0 0.583306 0.493399 0 0 0 0 0 0 0 0 0 0 0 0 0 0 0 0 0
124 0 0 0 0 0 0 0 0 0 0 0 0 0 0 0 0 0 0 0 0 0 0 0 0 0 0 0 0 0 0 0 0 0 0 0 0 0 0 0 0 0 0 0.607391 0.516559 0 0 0 0 0 0 0 0 0 0 0 0 0 0 0 0 0
125 0 0 0 0 0 0 0 0 0 0 0 0 0 0 0 0 0 0 0 0 0 0 0 0 0 0 0 0 0 0 0 0 0 0 0 0 0 0 0 0 0 0 0.632003 0.540307 0 0 0 0 0 0 0 0 0 0 0 0 0 0 0 0 0
126 0 0 0 0 0 0 0 0 0 0 0 0 0 0 0 0 0 0 0 0 0 0 0 0 0 0 0 0 0 0 0 0 0 0 0 0 0 0 0 0 0 0 1 1 0 0 0 0 0 0 0 0 0 0 0 0 0 0 0 0 0
